4 14_00_02_400 14_00_05_600 17 6 0 11 
10 14_00_17_200 14_00_18_000 5 1 3 1 
11 14_00_20_200 14_00_20_400 2 1 0 1 
6 14_00_20_400 14_00_20_800 3 0 2 1 
1010 14_00_21_400 14_00_21_600 2 0 0 2 
15 14_00_25_600 14_00_25_800 2 1 0 1 
1006 14_00_25_800 14_00_26_200 3 1 1 1 
2010 14_00_26_200 14_00_26_600 3 1 1 1 
1011 14_00_26_600 14_00_26_800 2 0 1 1 
23 14_01_16_200 14_01_16_400 2 0 1 1 
25 14_01_16_800 14_01_17_600 5 1 3 1 
24 14_01_17_200 14_01_18_600 8 1 6 1 
1023 14_01_18_600 14_01_18_800 2 0 1 1 
1025 14_01_19_200 14_01_19_400 2 1 0 1 
32 14_01_22_800 14_01_23_400 4 0 3 1 
2023 14_01_23_400 14_01_23_800 3 1 1 1 
1024 14_01_23_800 14_01_24_000 2 0 1 1 
2025 14_01_24_000 14_01_24_400 3 1 0 2 
3023 14_01_30_200 14_01_30_400 2 1 0 1 
3025 14_01_30_400 14_01_32_000 9 4 4 1 
1032 14_01_30_800 14_01_32_400 6 2 2 2 
57 14_02_31_400 14_02_32_800 8 0 8 0 
59 14_02_33_200 14_02_33_400 2 0 1 1 
58 14_02_34_400 14_02_35_200 5 1 3 1 
1057 14_02_35_200 14_02_35_600 3 0 2 1 
1059 14_02_35_600 14_02_36_000 3 0 2 1 
2059 14_02_45_400 14_02_46_000 4 0 3 1 
2057 14_02_46_000 14_02_46_600 4 0 3 1 
1058 14_02_46_600 14_02_47_000 3 0 2 1 
73 14_03_09_200 14_03_09_600 3 2 0 1 
74 14_03_10_000 14_03_10_200 2 0 0 2 
83 14_04_13_400 14_04_15_200 10 0 8 2 
84 14_04_15_200 14_04_16_600 8 1 6 1 
1083 14_04_16_600 14_04_17_200 4 0 3 1 
96 14_04_36_400 14_04_37_000 4 2 0 2 
104 14_05_00_400 14_05_01_000 4 3 0 1 
105 14_05_01_400 14_05_01_600 2 0 1 1 
111 14_05_48_400 14_05_50_200 10 5 4 1 
116 14_05_49_400 14_05_51_600 12 0 9 3 
118 14_05_50_600 14_05_50_800 2 0 0 2 
126 14_06_20_600 14_06_22_600 11 0 10 1 
134 14_07_27_600 14_07_29_200 9 0 1 8 
1134 14_07_43_000 14_07_45_200 12 7 0 5 
145 14_08_06_200 14_08_07_600 8 6 1 1 
147 14_08_08_000 14_08_08_800 5 1 0 4 
146 14_08_10_400 14_08_12_200 10 0 9 1 
1145 14_08_12_200 14_08_12_800 4 0 3 1 
150 14_08_16_200 14_08_17_400 7 1 5 1 
2145 14_08_17_600 14_08_18_000 3 0 2 1 
160 14_09_08_000 14_09_09_600 9 4 1 4 
163 14_09_21_400 14_09_25_200 20 9 1 10 
165 14_09_26_000 14_09_28_400 13 4 1 8 
1163 14_09_28_600 14_09_29_000 3 0 0 3 
175 14_09_29_000 14_09_30_600 9 1 7 1 
176 14_09_29_400 14_09_30_200 5 0 4 1 
1165 14_09_30_200 14_09_30_600 3 0 2 1 
2163 14_09_30_600 14_09_31_400 5 0 3 2 
1160 14_09_32_400 14_09_33_800 8 2 4 2 
2165 14_09_33_800 14_09_34_000 2 1 0 1 
3163 14_09_34_000 14_09_34_200 2 1 0 1 
1176 14_09_34_200 14_09_34_400 2 0 1 1 
1175 14_09_34_400 14_09_34_800 3 1 0 2 
186 14_09_35_600 14_09_35_800 2 0 0 2 
3165 14_09_35_800 14_09_40_000 22 3 16 3 
2160 14_09_40_800 14_09_46_800 31 10 4 17 
1186 14_09_46_800 14_09_47_200 3 1 0 2 
2175 14_09_47_200 14_09_48_400 7 2 3 2 
4163 14_09_50_000 14_09_53_400 18 13 3 2 
3175 14_09_51_400 14_09_52_200 5 4 0 1 
2186 14_09_53_000 14_09_54_200 5 0 0 5 
4175 14_09_53_400 14_09_53_600 2 1 0 1 
5175 14_10_02_600 14_10_03_800 7 6 0 1 
5163 14_10_03_800 14_10_04_800 6 4 0 2 
3186 14_10_04_800 14_10_05_000 2 0 0 2 
6175 14_10_10_800 14_10_13_000 12 2 9 1 
6163 14_10_13_000 14_10_13_400 3 0 2 1 
200 14_10_14_400 14_10_16_400 11 0 3 8 
201 14_10_16_200 14_10_17_600 8 2 6 0 
7175 14_10_16_800 14_10_18_600 6 1 2 3 
1200 14_10_17_600 14_10_18_200 4 0 3 1 
205 14_10_17_600 14_10_19_200 9 2 7 0 
1201 14_10_19_200 14_10_19_800 4 1 3 0 
8175 14_10_19_800 14_10_20_200 3 0 2 1 
2200 14_10_20_200 14_10_20_800 4 0 3 1 
209 14_10_20_400 14_10_21_800 8 7 0 1 
9175 14_10_21_800 14_10_22_200 3 1 1 1 
2201 14_10_22_200 14_10_22_400 2 0 1 1 
3201 14_10_29_400 14_10_31_800 13 12 0 1 
10175 14_10_31_600 14_10_33_400 10 9 0 1 
1209 14_10_31_800 14_10_32_400 4 1 0 3 
4201 14_10_33_400 14_10_34_000 4 3 0 1 
2209 14_10_34_000 14_10_34_400 3 2 0 1 
228 14_11_06_000 14_11_06_800 5 1 0 4 
229 14_11_07_200 14_11_08_000 5 5 0 0 
239 14_11_20_800 14_11_22_600 10 3 6 1 
241 14_11_23_000 14_11_23_600 4 0 3 1 
240 14_11_25_600 14_11_27_000 8 7 0 1 
1239 14_11_27_000 14_11_28_800 6 4 0 2 
244 14_11_27_200 14_11_28_400 7 6 0 1 
1240 14_11_28_800 14_11_29_200 3 2 0 1 
2240 14_11_40_000 14_11_42_000 11 4 0 7 
253 14_11_45_400 14_11_47_400 11 10 0 1 
3240 14_11_47_400 14_11_48_200 5 3 1 1 
55 14_12_09_400 14_12_11_600 12 1 6 5 
263 14_12_10_800 14_12_14_000 15 9 4 2 
261 14_12_11_200 14_12_11_400 2 0 0 2 
269 14_12_12_000 14_12_13_000 6 0 0 6 
266 14_12_12_200 14_12_13_400 7 1 5 1 
1055 14_12_12_800 14_12_14_200 5 2 1 2 
273 14_12_13_800 14_12_15_600 10 0 9 1 
267 14_12_14_600 14_12_15_800 7 2 5 0 
2055 14_12_15_600 14_12_17_000 6 0 4 2 
1263 14_12_15_800 14_12_16_600 5 1 4 0 
1273 14_12_17_000 14_12_17_200 2 0 1 1 
4240 14_12_19_000 14_12_19_200 2 0 0 2 
1267 14_12_19_200 14_12_21_000 10 1 1 8 
2273 14_12_21_000 14_12_21_400 3 0 0 3 
1266 14_12_21_400 14_12_21_800 3 0 0 3 
3055 14_12_21_800 14_12_22_200 3 0 0 3 
2263 14_12_28_800 14_12_30_600 10 8 0 2 
4055 14_12_30_600 14_12_31_000 3 2 0 1 
3273 14_12_31_000 14_12_31_400 3 0 0 3 
2267 14_12_31_400 14_12_32_000 4 0 0 4 
2266 14_12_35_800 14_12_36_800 6 2 3 1 
4273 14_12_36_800 14_12_37_200 3 0 2 1 
5055 14_12_37_200 14_12_37_600 3 0 2 1 
3263 14_12_37_600 14_12_37_800 2 0 1 1 
3267 14_12_37_800 14_12_38_000 2 1 0 1 
289 14_12_59_400 14_13_02_600 13 1 6 6 
291 14_13_00_400 14_13_00_600 2 0 0 2 
292 14_13_01_000 14_13_02_400 8 3 0 5 
300 14_13_56_800 14_13_57_600 5 3 0 2 
301 14_13_59_000 14_14_00_800 10 9 0 1 
305 14_14_00_800 14_14_03_200 13 11 0 2 
302 14_14_02_400 14_14_05_200 15 5 8 2 
1301 14_14_03_200 14_14_03_600 3 2 0 1 
306 14_14_04_000 14_14_06_800 14 11 0 3 
1305 14_14_06_800 14_14_07_200 3 0 0 3 
1300 14_14_13_000 14_14_16_200 17 7 1 9 
2305 14_14_17_400 14_14_18_000 4 1 0 3 
327 14_14_18_400 14_14_19_400 6 1 0 5 
2300 14_14_19_400 14_14_19_800 3 2 0 1 
3300 14_14_24_800 14_14_25_000 2 0 0 2 
3305 14_14_30_800 14_14_33_400 14 8 0 6 
1306 14_14_32_600 14_14_33_600 6 2 1 3 
4300 14_14_34_000 14_14_35_000 6 1 1 4 
4305 14_14_35_600 14_14_35_800 2 1 0 1 
2306 14_14_36_000 14_14_39_000 16 7 7 2 
346 14_14_43_200 14_14_45_600 13 11 2 0 
3306 14_14_45_600 14_14_46_200 4 2 0 2 
298 14_14_50_200 14_14_54_000 20 9 6 5 
4306 14_14_54_000 14_14_54_600 4 0 0 4 
1346 14_14_54_600 14_14_55_000 3 0 0 3 
5306 14_15_13_200 14_15_14_600 8 6 1 1 
1298 14_15_20_200 14_15_23_600 18 5 1 12 
6306 14_15_23_600 14_15_24_000 3 0 0 3 
2298 14_15_31_800 14_15_32_600 5 0 0 5 
7306 14_15_32_600 14_15_33_000 3 0 0 3 
8306 14_15_34_400 14_15_37_400 16 12 1 3 
3298 14_15_37_400 14_15_38_000 4 1 0 3 
9306 14_15_47_000 14_15_48_800 10 0 9 1 
4298 14_15_48_800 14_15_49_600 5 0 4 1 
369 14_16_14_600 14_16_17_400 15 2 3 10 
370 14_16_18_600 14_16_20_600 11 6 3 2 
1369 14_16_20_600 14_16_21_400 5 3 0 2 
1370 14_16_28_400 14_16_29_400 6 2 4 0 
380 14_16_28_600 14_16_31_000 13 2 1 10 
2369 14_16_29_400 14_16_29_800 3 0 3 0 
376 14_16_29_600 14_16_32_400 15 14 0 1 
3369 14_16_32_000 14_16_34_400 13 12 0 1 
1380 14_16_32_600 14_16_32_800 2 0 1 1 
2370 14_16_33_600 14_16_37_400 17 15 0 2 
1376 14_16_34_600 14_16_34_800 2 1 0 1 
2380 14_16_34_800 14_16_35_000 2 0 0 2 
3380 14_16_37_400 14_16_37_600 2 1 0 1 
4369 14_16_37_600 14_16_37_800 2 1 0 1 
2376 14_16_57_800 14_16_58_600 5 1 3 1 
404 14_17_01_000 14_17_01_400 3 0 2 1 
400 14_17_02_200 14_17_03_200 6 4 2 0 
403 14_17_02_800 14_17_03_800 6 4 0 2 
402 14_17_03_000 14_17_05_400 13 0 12 1 
410 14_17_04_200 14_17_04_600 3 1 1 1 
1403 14_17_05_400 14_17_06_000 4 0 3 1 
1404 14_17_06_000 14_17_06_600 4 2 1 1 
1410 14_17_06_600 14_17_06_800 2 0 1 1 
399 14_17_14_800 14_17_21_400 34 26 6 2 
420 14_17_52_800 14_17_55_600 15 2 12 1 
431 14_18_25_800 14_18_28_800 16 1 3 12 
436 14_19_31_800 14_19_33_200 8 5 1 2 
440 14_20_27_800 14_20_29_400 9 7 0 2 
1440 14_20_45_400 14_20_46_400 6 4 0 2 
450 14_21_17_200 14_21_20_000 11 1 2 8 
451 14_21_20_400 14_21_21_200 5 4 0 1 
1450 14_21_28_000 14_21_30_400 13 4 8 1 
455 14_21_30_200 14_21_33_800 19 8 2 9 
1451 14_21_31_400 14_21_31_600 2 0 1 1 
2451 14_21_33_800 14_21_34_000 2 1 0 1 
468 14_22_12_800 14_22_17_000 22 17 1 4 
3451 14_22_22_400 14_22_30_600 42 16 19 7 
1468 14_22_27_400 14_22_27_600 2 1 0 1 
2468 14_22_30_600 14_22_31_000 3 1 1 1 
482 14_23_24_200 14_23_26_400 12 8 2 2 
1482 14_23_28_800 14_23_29_200 3 2 1 0 
475 14_23_29_200 14_23_31_800 14 10 0 4 
2482 14_23_31_800 14_23_32_600 5 3 0 2 
496 14_24_25_800 14_24_26_600 5 0 1 4 
1496 14_24_43_000 14_24_43_200 2 0 1 1 
2496 14_24_45_400 14_25_02_200 82 26 18 38 
497 14_24_52_400 14_25_00_000 39 5 2 32 
499 14_25_21_600 14_25_23_600 11 7 0 4 
508 14_26_52_600 14_27_09_600 86 61 7 18 
505 14_26_53_600 14_26_57_000 18 11 0 7 
1505 14_27_04_800 14_27_09_200 20 10 1 9 
510 14_27_24_800 14_27_25_400 4 0 0 4 
1510 14_27_30_800 14_27_31_600 5 0 0 5 
515 14_29_52_800 14_29_56_400 19 17 1 1 
519 14_30_32_200 14_30_34_600 13 1 4 8 
532 14_31_51_600 14_31_54_000 13 1 0 12 
382 14_32_00_000 14_32_03_600 19 1 3 15 
553 14_41_28_000 14_41_28_600 4 0 3 1 
559 14_42_07_600 14_42_13_600 31 12 7 12 
566 14_42_33_600 14_42_34_400 5 4 0 1 
573 14_44_01_600 14_44_02_400 5 3 1 1 
581 14_45_07_800 14_45_08_600 5 4 0 1 
589 14_46_10_000 14_46_12_000 11 9 0 2 
592 14_48_29_400 14_48_30_200 5 4 0 1 
593 14_48_30_600 14_48_31_000 3 1 0 2 
599 14_49_15_600 14_49_16_400 5 4 0 1 
601 14_49_17_000 14_49_17_200 2 0 0 2 
605 14_50_24_800 14_50_26_200 8 1 6 1 
1605 14_50_38_200 14_50_39_200 6 5 0 1 
618 14_54_04_600 14_54_05_800 7 2 3 2 
1618 14_54_17_000 14_54_18_200 7 0 6 1 
624 14_54_32_600 14_54_34_400 10 0 0 10 
640 14_55_26_400 14_55_29_200 14 3 2 9 
644 14_55_35_000 14_55_36_400 8 5 1 2 
1640 14_55_36_800 14_55_37_200 3 2 0 1 
651 14_55_51_400 14_55_52_400 6 0 6 0 
652 14_55_53_200 14_55_53_800 4 0 3 1 
1651 14_55_53_800 14_55_54_200 3 0 2 1 
2640 14_56_05_200 14_56_07_400 12 9 0 3 
685 14_59_19_200 14_59_24_800 28 2 0 26 
695 15_01_33_600 15_01_36_600 16 13 0 3 
692 15_01_36_600 15_01_37_000 3 0 0 3 
1692 15_01_48_000 15_01_49_200 7 4 0 3 
1695 15_01_56_600 15_02_16_400 100 35 55 10 
719 15_02_26_800 15_02_28_200 8 3 0 5 
720 15_02_27_400 15_02_32_200 21 12 3 6 
721 15_02_29_600 15_02_31_800 12 1 3 8 
727 15_02_36_600 15_02_38_800 12 0 11 1 
1720 15_02_38_800 15_02_39_600 5 1 2 2 
743 15_04_28_600 15_04_29_400 5 1 0 4 
746 15_04_41_600 15_04_45_600 21 4 1 16 
1743 15_04_41_800 15_04_43_800 11 0 1 10 
1746 15_05_21_000 15_05_43_600 114 19 66 29 
760 15_05_36_000 15_05_42_400 33 9 3 21 
1760 15_05_52_400 15_06_00_600 42 14 15 13 
762 15_06_38_200 15_06_40_200 11 6 1 4 
1762 15_06_53_800 15_06_55_600 10 1 8 1 
778 15_08_19_400 15_08_20_800 8 3 4 1 
785 15_09_00_600 15_09_28_400 140 17 5 118 
790 15_09_53_800 15_09_54_400 4 1 0 3 
791 15_10_03_000 15_10_07_800 22 3 0 19 
1790 15_10_05_000 15_10_06_400 8 4 3 1 
792 15_10_06_800 15_10_07_800 6 0 2 4 
796 15_10_32_600 15_10_33_200 4 1 0 3 
795 15_10_34_200 15_10_36_000 10 4 5 1 
1796 15_10_35_600 15_10_40_000 23 0 1 22 
1795 15_10_40_000 15_10_40_200 2 1 0 1 
808 15_10_59_600 15_11_01_800 12 3 1 8 
809 15_11_02_200 15_11_04_000 10 4 0 6 
1808 15_11_04_000 15_11_04_600 4 1 0 3 
824 15_11_54_800 15_11_58_200 18 6 11 1 
829 15_12_17_600 15_12_18_200 4 1 0 3 
830 15_12_18_600 15_12_19_400 5 3 0 2 
825 15_13_08_800 15_13_13_200 23 17 2 4 
1825 15_13_15_800 15_13_16_200 3 0 1 2 
842 15_13_16_600 15_13_17_600 6 1 2 3 
845 15_14_25_800 15_14_35_000 35 5 6 24 
1845 15_14_45_000 15_14_52_600 39 4 32 3 
851 15_15_13_800 15_15_18_200 23 14 2 7 
852 15_15_15_400 15_15_18_600 14 6 2 6 
869 15_17_31_600 15_17_38_600 36 30 0 6 
881 15_18_03_000 15_18_04_800 10 8 0 2 
1881 15_18_08_400 15_18_08_400 1 0 0 1 
2881 15_18_28_400 15_18_33_400 26 9 2 15 
3881 15_18_36_000 15_18_36_400 3 0 0 3 
892 15_18_36_800 15_18_37_600 5 1 0 4 
894 15_19_28_800 15_19_36_800 41 22 17 2 
897 15_19_47_600 15_19_50_600 16 0 1 15 
900 15_19_56_400 15_19_56_400 1 0 0 1 
1900 15_20_07_200 15_20_08_000 4 0 0 4 
914 15_21_13_600 15_21_14_600 6 3 2 1 
915 15_21_15_000 15_21_16_600 9 0 7 2 
1914 15_22_17_400 15_22_23_200 30 2 26 2 
922 15_22_35_400 15_22_40_200 25 14 1 10 
933 15_23_16_600 15_23_18_200 9 0 0 9 
934 15_23_18_600 15_23_19_000 3 0 0 3 
938 15_25_33_000 15_25_35_400 13 9 2 2 
937 15_25_48_200 15_25_53_200 26 0 9 17 
944 15_25_53_600 15_25_54_200 4 0 2 2 
943 15_25_55_600 15_25_59_000 18 3 8 7 
1937 15_25_59_000 15_25_59_400 3 0 2 1 
948 15_28_11_400 15_28_11_600 2 2 0 0 
1948 15_28_14_200 15_28_14_200 1 0 0 1 
957 15_28_22_200 15_28_28_400 28 0 3 25 
951 15_28_26_600 15_28_33_000 30 6 4 20 
2948 15_28_33_000 15_28_57_600 124 28 32 64 
1957 15_28_44_000 15_29_09_000 123 31 40 52 
3948 15_29_09_000 15_29_09_200 2 1 0 1 
964 15_29_11_400 15_29_20_400 44 31 5 8 
4948 15_29_20_400 15_29_20_600 2 1 0 1 
2957 15_29_20_600 15_29_20_800 2 1 0 1 
973 15_29_36_200 15_30_15_200 196 47 12 137 
983 15_30_36_200 15_30_41_400 26 3 2 21 
993 15_33_38_800 15_33_39_800 6 0 3 3 
999 15_33_44_600 15_33_47_200 14 2 10 2 
1993 15_33_48_400 15_33_50_400 11 1 10 0 
1000 15_33_50_200 15_33_51_800 9 2 6 1 
1999 15_33_50_400 15_33_52_200 6 0 4 2 
1016 15_39_35_000 15_39_37_600 14 8 5 1 
1019 15_43_44_800 15_43_57_600 25 10 11 4 
1020 15_43_48_000 15_43_56_600 37 16 4 17 
